6.447186095043977438e-02 1.114466284791689431e-02
7.435924407079650411e-01 6.931602520727836447e-02
7.352083378465752439e-01 7.724723173633371576e-02
7.255313609628123439e-01 7.639164024710100309e-02
7.158327728832521997e-01 8.034143518366007597e-02
7.242841319355649565e-01 8.096960233356803593e-02
7.030088476356087801e-01 9.218719536188135777e-02
6.869705808497466037e-01 9.559941131415139459e-02
6.518688953973239553e-01 1.153642344994164487e-01
6.423690998487736614e-01 1.336533987612585073e-01
5.610544015155244368e-01 1.528223292257296362e-01
5.325096716920749707e-01 1.677159784291589462e-01
4.794683745123181629e-01 1.654766808000705525e-01
4.436501435414114680e-01 1.510960522052909316e-01
4.214784713768273128e-01 1.458410724719300666e-01
4.051587728098542396e-01 1.308852801943172217e-01
4.063937262825664809e-01 1.319176127623434835e-01
3.883634865770228539e-01 1.204498922940469424e-01
3.787084643221259039e-01 1.163085085479026864e-01
3.802459736788716960e-01 1.130027475390545377e-01
3.724406956277158121e-01 1.051322375484806115e-01
3.671783911568119452e-01 1.030391070833220624e-01
3.662917344841269407e-01 1.058197349047245300e-01
3.631904160148348160e-01 1.011692366441252211e-01
3.642615595725432476e-01 1.104996648438921342e-01
3.605350672636762899e-01 1.013172414658174425e-01
3.607202152113949123e-01 1.029783492603779244e-01
3.547855664447243096e-01 1.004165026592255816e-01
3.533046073071569593e-01 1.014625076732855735e-01
3.502876105025686249e-01 1.006986067391676121e-01
3.534051847783110101e-01 1.010598502757245887e-01
3.545151459569789720e-01 9.933439684907983958e-02
3.454927012292002830e-01 1.020087631780797893e-01
3.497343249861552539e-01 1.002935147373082980e-01
3.480902784129099592e-01 1.029163831777148708e-01
3.492995868540902382e-01 1.005431279893172630e-01
3.430929810382987166e-01 1.017260207085042834e-01
3.412505140362699363e-01 1.030765827895343129e-01
3.452714272008451935e-01 1.028372192493392651e-01
3.413772991343897445e-01 1.048642369701338756e-01
3.348850623939684801e-01 1.055961458572925171e-01
3.370487237008946146e-01 1.053582093118882596e-01
3.265957579211711259e-01 1.060290973089076383e-01
3.311978087820768302e-01 1.039719873906633785e-01
3.198701376184039380e-01 1.075661357667647006e-01
3.296443694634222932e-01 1.094380940512010153e-01
3.327459281174524053e-01 1.090832033739078666e-01
3.138310569637710601e-01 1.096840691085558678e-01
3.227854287375644393e-01 1.133759342862700609e-01
3.220000149371492482e-01 1.090158402738130583e-01
